# dots.reshape((6,2,2))
#0.5        0.8660254   1.    0.        
#1.         0.           0.5  -0.8660254 
#0.5       -0.8660254   -0.5  -0.8660254 
#-0.5      -0.8660254   -1.    0.        
#-1.        0.          -0.5   0.8660254 
#-0.5       0.8660254    0.5   0.8660254
#
#middles
#0.           1.  
#0.8660254    0.5 
#0.8660254   -0.5 
#0.          -1.  
#-0.8660254  -0.5 
#-0.8660254   0.5 

-0.57735027   1.       0.57735027   1.
0.57735027    1.       1.15470054   0.
1.15470054    0.       0.57735027  -1.
0.57735027   -1.      -0.57735027  -1.
-0.57735027  -1.      -1.15470054   0.
-1.15470054   0.      -0.57735027   1.
