#Magnetisation values
120.         120.         120.         120.         120.        120.        

#Volumes
#2.397e-16    2.397e-16    2.397e-16    2.397e-16    2.397e-16    2.397e-16
2.358336e-16 2.358336e-16 2.358336e-16 2.358336e-16 2.358336e-16 2.358336e-16 

#In-plane Anisotropy angles
#In-plane Anisotropy values
#2375.        2375.        2375.        2375.        2375.       2375.
0.           5.23598776   4.1887902    3.14159265   2.0943951   1.04719755
2502.625     2502.625     2502.625     2502.625     2502.625    2502.625

#Filed angles
#Fileld values
1.5717963267948966 1.5717963267948966 1.5717963267948966 1.5717963267948966 1.5717963267948966 1.5717963267948966 
0.         0.         0.         0.         0.        0.        

# Lattice constant

5.0e-5     0.         0.         0.         0.        0.        

#Out-of-plane Anisotropy values
82500.    82500.       82500.       82500.       82500.      82500.

#Initial guess for M_angle state 0 and m
0.         5.23598776    4.1887902     3.14159265    2.0943951    1.04719755
3.14159265 2.0943951     1.04719755    0.            5.23598776   4.1887902

