#Magnetisation values
200.         200.         200.         200.         200.        200.       200.       200.       200.

#Volumes
1.88e-16 1.88e-16 1.88e-16 1.88e-16 1.88e-16 1.88e-16 1.88e-16 1.88e-16 4.58e-16

#In-plane Anisotropy angles
#In-plane Anisotropy values
0.0  0.0  1.5707963267948966  1.5707963267948966  0.0  0.0  1.5707963267948966  1.5707963267948966  1.5707963267948966
7440 7440  7440  7440  7440  7440  7440  7440  9450


#Filed angles
#Fileld values
1.5717963267948966 1.5717963267948966 1.5717963267948966 1.5717963267948966 1.5717963267948966 1.5717963267948966 1.5717963267948966 1.5717963267948966 1.5717963267948966
0.         0.         0.         0.         0.        0.   0. 0. 0. 

# Lattice constant
# used to be 5
6.0e-5     0.         0.         0.         0.        0.   0. 0. 0.

#Out-of-plane Anisotropy values
170991.    170991.       170991.       170991.       170991.      170991. 170991. 170991. 170991.

#Initial guess for M_angle state 0 and m
3.141592653589793  0.0  4.71238898038469  4.71238898038469  3.141592653589793  0.0  4.71238898038469  4.71238898038469  1.5707963267948966
0.0  3.141592653589793  1.5707963267948966  1.5707963267948966  0.0  3.141592653589793  1.5707963267948966  1.5707963267948966  4.71238898038469
#3.15766     0.0113747   4.7902      4.63114     3.12698    0.0146934   4.79927     4.4785      1.57536  
#3.05377000e+00   -3.12991000e-04    4.78757000e+00  4.65001000e+00    3.11810000e+00    3.34406000e-02  4.79980000e+00    1.73912000e+00    1.60922000e+00
